Heures	2015-01-21	2014-07-17
0	75054	49794
0.5	73395	47233
1	70781	44109
1.5	71419	43270
2	70989	42452
2.5	70687	41913
3	68930	40210
3.5	67462	39122
4	66656	38569
4.5	66612	38307
5	66783	38595
5.5	68923	39551
6	70730	40266
6.5	74577	41564
7	77702	43196
7.5	80428	45499
8	82503	47548
8.5	82907	49820
9	83030	51225
9.5	83145	52764
10	83233	53967
10.5	83165	54567
11	83198	55300
11.5	83262	55852
12	83491	56588
12.5	82693	56535
13	82661	56984
13.5	81529	56229
14	80960	56514
14.5	80695	56901
15	78881	56215
15.5	78152	55263
16	77488	54802
16.5	77429	54219
17	77405	53522
17.5	78626	52896
18	81659	52757
18.5	83845	52871
19	85283	53226
19.5	84313	52214
20	82091	51456
20.5	79704	49730
21	77282	48288
21.5	75096	48056
22	73152	48185
22.5	73435	49726
23	76011	52447
23.5	74755	51335
